<?xml version="1.0"?>
<opencv_storage>
<calibration_Time>"Thu 04 Feb 2016 17:17:42 GMT"</calibration_Time>
<nrOfFrames>20</nrOfFrames>
<image_Width>720</image_Width>
<image_Height>576</image_Height>
<board_Width>4</board_Width>
<board_Height>11</board_Height>
<square_Size>1.5000000000000000e+00</square_Size>
<FixAspectRatio>1.</FixAspectRatio>
<!-- flags:  +fix_aspectRatio +fix_principal_point -->
<flagValue>6</flagValue>
<M1 type_id="opencv-matrix">
  <rows>3</rows>
  <cols>3</cols>
  <dt>d</dt>
  <data>
    8.5473544723081682e+02 0. 3.1927085947812736e+02 0.
    9.3512673390478210e+02 2.5439946155923977e+02 0. 0. 1.</data></M1>
<M2 type_id="opencv-matrix">
  <rows>3</rows>
  <cols>3</cols>
  <dt>d</dt>
  <data>
    8.4653089466434074e+02 0. 3.6945325184767540e+02 0.
    9.3959694097508543e+02 2.9008968679419598e+02 0. 0. 1.</data></M2>
<D1 type_id="opencv-matrix">
  <rows>5</rows>
  <cols>1</cols>
  <dt>d</dt>
  <data>
    -2.3338846774464198e-01 1.4803342749343920e-01
    -5.8272881006412982e-03 1.0011214909768740e-03 0.</data></D1>
<D2 type_id="opencv-matrix">
  <rows>5</rows>
  <cols>1</cols>
  <dt>d</dt>
  <data>
    -3.4125631606089685e-01 6.7544079015203418e-01
    -8.4659207300726430e-03 -1.3604671504492842e-02 0.</data></D2>
<R type_id="opencv-matrix">
  <rows>3</rows>
  <cols>3</cols>
  <dt>d</dt>
  <data>
    9.9969412242060196e-01 6.2004859772351187e-03 2.3941920794884115e-02
    -5.4045445071904579e-03 9.9943519596877184e-01
    -3.3167453286805232e-02 -2.4134052630509266e-02
    3.3027912929955480e-02 9.9916300195269392e-01</data></R>
<T type_id="opencv-matrix">
  <rows>3</rows>
  <cols>1</cols>
  <dt>d</dt>
  <data>
    -5.4564459598763104e+00 -9.3399507633118009e-02
    -4.1810215922605509e-01</data></T>
<E type_id="opencv-matrix">
  <rows>3</rows>
  <cols>3</cols>
  <dt>d</dt>
  <data>
    -5.5430952083245118e-06 4.1478122263525169e-01
    -1.0718871626285233e-01 -5.4966042512083446e-01
    1.7762258549446927e-01 5.4418687564823021e+00 1.2286054385903730e-01
    -5.4527850148646335e+00 1.8321258010020794e-01</data></E>
<F type_id="opencv-matrix">
  <rows>3</rows>
  <cols>3</cols>
  <dt>d</dt>
  <data>
    6.4829051428510643e-10 -4.4340201113440469e-05
    2.1995062824938145e-02 5.7917928015823632e-05
    -1.7107162352298591e-05 -5.0425482821740353e-01
    -2.8965525657630439e-02 5.1479038622844864e-01 1.</data></F>
<P1 type_id="opencv-matrix">
  <rows>3</rows>
  <cols>4</cols>
  <dt>d</dt>
  <data>
    8.6240215746974980e+02 0. 2.0859861373901367e+02 0. 0.
    8.6240215746974980e+02 2.7006157302856445e+02 0. 0. 0. 1. 0.</data></P1>
<P2 type_id="opencv-matrix">
  <rows>3</rows>
  <cols>4</cols>
  <dt>d</dt>
  <data>
    8.6240215746974980e+02 0. 2.8249410247802734e+02
    -4.7201323534539906e+03 0. 8.6240215746974980e+02
    2.7006157302856445e+02 0. 0. 0. 1. 0.</data></P2>
</opencv_storage>
